# 
#  
# Position in Scale Ticks	Current in A
340,000437	3,024000E-12	
348,000704	3,074000E-12	
356,000970	3,285000E-12	
364,001237	3,089000E-12	
372,001504	3,118000E-12	
380,001770	3,147000E-12	
388,002037	3,174000E-12	
396,002303	3,224000E-12	
404,002570	3,284000E-12	
412,002836	3,333000E-12	
420,003103	3,510000E-12	
428,003370	3,527000E-12	
436,003636	3,481000E-12	
444,003903	3,544000E-12	
452,004169	3,575000E-12	
460,004436	3,598000E-12	
468,004702	3,686000E-12	
476,004969	3,778000E-12	
484,005235	3,893000E-12	
492,005502	4,007000E-12	
500,005769	4,073000E-12	
508,006035	4,119000E-12	
516,006302	4,178000E-12	
524,006568	4,223000E-12	
532,006835	4,230000E-12	
540,007101	4,275000E-12	
548,007368	4,290000E-12	
556,007634	4,321000E-12	
564,007901	4,361000E-12	
572,008168	4,583000E-12	
580,008434	4,469000E-12	
588,008701	4,512000E-12	
596,008967	4,571000E-12	
604,009234	4,636000E-12	
612,009500	4,742000E-12	
620,009767	4,836000E-12	
628,010034	4,944000E-12	
636,010300	5,060000E-12	
644,010567	5,188000E-12	
652,010833	5,357000E-12	
660,011100	5,564000E-12	
668,011366	5,792000E-12	
676,011633	6,083000E-12	
684,011899	6,454000E-12	
692,012166	6,896000E-12	
700,012433	7,524000E-12	
708,012699	8,612000E-12	
716,012966	1,567600E-11	
724,013232	3,356900E-11	
732,013499	5,236600E-11	
740,013765	6,381000E-11	
748,014032	6,608600E-11	
756,014298	6,632000E-11	
764,014565	6,633200E-11	
772,014832	6,437000E-11	
780,015098	5,064500E-11	
788,015365	2,613800E-11	
796,015631	1,035700E-11	
804,015898	7,749000E-12	
812,016164	7,017000E-12	
820,016431	6,630000E-12	
828,016698	6,221000E-12	
836,016964	5,862000E-12	
844,017231	5,591000E-12	
852,017497	5,360000E-12	
860,017764	5,131000E-12	
868,018030	4,947000E-12	
876,018297	4,794000E-12	
884,018563	4,651000E-12	
892,018830	4,528000E-12	
900,019097	4,532000E-12	
908,019363	4,314000E-12	
916,019630	4,522000E-12	
924,019896	4,161000E-12	
932,020163	4,076000E-12	
940,020429	4,029000E-12	
948,020696	4,113000E-12	
956,020962	3,916000E-12	
964,021229	3,861000E-12	
972,021496	3,828000E-12	
980,021762	5,691000E-12	
988,022029	3,917000E-12	
996,022295	3,728000E-12	
1004,022562	3,667000E-12	
1012,022828	3,591000E-12	
1020,023095	3,522000E-12	
1028,023362	3,471000E-12	
1036,023628	3,415000E-12	
1044,023895	3,351000E-12	
1052,024161	3,296000E-12	
1060,024428	3,209000E-12	
1068,024694	3,136000E-12	
1076,024961	3,078000E-12	
1084,025227	2,994000E-12	
1092,025494	2,928000E-12	
1100,025761	2,838000E-12	
1108,026027	2,763000E-12	
1116,026294	2,716000E-12	
1124,026560	2,598000E-12	
1132,026827	2,527000E-12	
1140,027093	2,475000E-12	
