# 
#  
# Position in Scale Ticks	Current in A
405,000000	2,708000E-12	
411,000200	2,742000E-12	
417,000400	2,783000E-12	
423,000600	2,869000E-12	
429,000800	2,900000E-12	
435,001000	2,970000E-12	
441,001200	3,024000E-12	
447,001399	3,086000E-12	
453,001599	3,082000E-12	
459,001799	3,309000E-12	
465,001999	3,160000E-12	
471,002199	3,259000E-12	
477,002399	3,316000E-12	
483,002599	4,028000E-12	
489,002799	3,450000E-12	
495,002999	3,477000E-12	
501,003199	3,627000E-12	
507,003399	3,564000E-12	
513,003599	3,549000E-12	
519,003798	3,560000E-12	
525,003998	3,600000E-12	
531,004198	3,617000E-12	
537,004398	3,648000E-12	
543,004598	3,706000E-12	
549,004798	3,718000E-12	
555,004998	3,747000E-12	
561,005198	3,782000E-12	
567,005398	3,844000E-12	
573,005598	3,864000E-12	
579,005798	3,913000E-12	
585,005998	3,978000E-12	
591,006198	4,045000E-12	
597,006397	4,108000E-12	
603,006597	4,189000E-12	
609,006797	4,244000E-12	
615,006997	4,333000E-12	
621,007197	4,433000E-12	
627,007397	4,526000E-12	
633,007597	4,645000E-12	
639,007797	4,826000E-12	
645,007997	4,943000E-12	
651,008197	5,234000E-12	
657,008397	5,393000E-12	
663,008597	5,554000E-12	
669,008796	5,827000E-12	
675,008996	6,145000E-12	
681,009196	7,364000E-12	
687,009396	7,089000E-12	
693,009596	8,485000E-12	
699,009796	1,236400E-11	
705,009996	2,278000E-11	
711,010196	3,810100E-11	
717,010396	5,305100E-11	
723,010596	6,299600E-11	
729,010796	6,602700E-11	
735,010996	6,655400E-11	
741,011196	6,678400E-11	
747,011395	6,675900E-11	
753,011595	6,611300E-11	
759,011795	6,257800E-11	
765,011995	5,037400E-11	
771,012195	3,131800E-11	
777,012395	1,424400E-11	
783,012595	8,188000E-12	
789,012795	7,121000E-12	
795,012995	6,610000E-12	
801,013195	6,203000E-12	
807,013395	5,831000E-12	
813,013595	5,520000E-12	
819,013794	5,253000E-12	
825,013994	5,077000E-12	
831,014194	4,879000E-12	
837,014394	4,681000E-12	
843,014594	4,515000E-12	
849,014794	4,388000E-12	
855,014994	4,279000E-12	
861,015194	4,164000E-12	
867,015394	4,048000E-12	
873,015594	3,950000E-12	
879,015794	3,867000E-12	
885,015994	3,884000E-12	
891,016194	3,717000E-12	
897,016393	3,682000E-12	
903,016593	3,688000E-12	
909,016793	3,598000E-12	
915,016993	3,491000E-12	
921,017193	3,467000E-12	
927,017393	3,386000E-12	
933,017593	3,341000E-12	
939,017793	3,396000E-12	
945,017993	3,263000E-12	
951,018193	3,264000E-12	
957,018393	3,238000E-12	
963,018593	3,166000E-12	
969,018792	3,133000E-12	
975,018992	3,091000E-12	
981,019192	3,060000E-12	
987,019392	3,014000E-12	
993,019592	2,973000E-12	
999,019792	2,954000E-12	
1005,019992	2,986000E-12	
