# 
#  
# Position in Scale Ticks	Current in A
450,000000	5,160000E-12	
452,749597	5,197143E-12	
455,499193	5,275714E-12	
458,248790	5,354286E-12	
460,998386	5,437143E-12	
463,747983	5,532857E-12	
466,497579	5,637143E-12	
469,247176	5,730000E-12	
471,996773	5,844286E-12	
474,746369	5,958571E-12	
477,495966	6,085714E-12	
480,245562	6,187143E-12	
482,995159	6,297143E-12	
485,744755	6,495714E-12	
488,494352	6,735714E-12	
491,243948	6,610000E-12	
493,993545	6,591429E-12	
496,743142	6,620000E-12	
499,492738	6,610000E-12	
502,242335	6,667143E-12	
504,991931	6,752857E-12	
507,741528	6,831429E-12	
510,491124	6,911429E-12	
513,240721	7,002857E-12	
515,990318	7,194286E-12	
518,739914	7,201429E-12	
521,489511	7,391429E-12	
524,239107	7,432857E-12	
526,988704	7,535714E-12	
529,738300	7,678571E-12	
532,487897	7,822857E-12	
535,237493	7,974286E-12	
537,987090	8,110000E-12	
540,736687	8,250000E-12	
543,486283	8,378571E-12	
546,235880	8,517143E-12	
548,985476	8,611429E-12	
551,735073	8,692857E-12	
554,484669	8,841429E-12	
557,234266	8,984286E-12	
559,983863	9,132857E-12	
562,733459	9,297143E-12	
565,483056	9,460000E-12	
568,232652	9,587143E-12	
570,982249	9,714286E-12	
573,731845	9,825714E-12	
576,481442	9,940000E-12	
579,231039	1,011714E-11	
581,980635	1,029286E-11	
584,730232	1,045571E-11	
587,479828	1,057286E-11	
590,229425	1,069143E-11	
592,979021	1,094571E-11	
595,728618	1,105429E-11	
598,478214	1,124286E-11	
601,227811	1,143286E-11	
603,977408	1,160286E-11	
606,727004	1,181857E-11	
609,476601	1,198429E-11	
612,226197	1,217429E-11	
614,975794	1,236857E-11	
617,725390	1,251857E-11	
620,474987	1,286429E-11	
623,224584	1,286000E-11	
625,974180	1,297857E-11	
628,723777	1,310000E-11	
631,473373	1,322714E-11	
634,222970	1,335000E-11	
636,972566	1,348714E-11	
639,722163	1,357286E-11	
642,471759	1,363000E-11	
645,221356	1,366286E-11	
647,970953	1,377571E-11	
650,720549	1,369000E-11	
653,470146	1,367000E-11	
656,219742	1,361143E-11	
658,969339	1,350000E-11	
661,718935	1,340000E-11	
664,468532	1,323714E-11	
667,218129	1,300286E-11	
669,967725	1,279857E-11	
672,717322	1,254571E-11	
675,466918	1,320000E-11	
678,216515	1,182857E-11	
680,966111	1,154429E-11	
683,715708	1,118429E-11	
686,465305	1,078857E-11	
689,214901	1,037143E-11	
691,964498	9,661429E-12	
694,714094	9,080000E-12	
697,463691	8,898571E-12	
700,213287	8,202857E-12	
702,962884	7,908571E-12	
705,712480	7,200000E-12	
708,462077	6,967143E-12	
711,211674	6,544286E-12	
713,961270	6,118571E-12	
716,710867	5,714286E-12	
719,460463	5,341429E-12	
722,210060	4,984286E-12	
724,959656	4,682857E-12	
727,709253	4,385714E-12	
730,458850	4,212857E-12	
733,208446	4,018571E-12	
735,958043	3,882857E-12	
738,707639	3,812857E-12	
741,457236	4,267143E-12	
744,206832	4,524286E-12	
746,956429	4,108571E-12	
749,706025	4,187143E-12	
752,455622	4,414286E-12	
755,205219	4,698571E-12	
757,954815	5,035714E-12	
760,704412	7,310000E-12	
763,454008	5,942857E-12	
766,203605	6,654286E-12	
768,953201	7,547143E-12	
771,702798	7,842857E-12	
774,452395	8,508571E-12	
777,201991	9,107143E-12	
779,951588	9,817143E-12	
782,701184	1,041286E-11	
785,450781	1,107000E-11	
788,200377	1,171000E-11	
790,949974	1,230714E-11	
793,699570	1,284857E-11	
796,449167	1,310714E-11	
799,198764	1,375571E-11	
801,948360	1,376429E-11	
804,697957	1,397429E-11	
807,447553	1,416429E-11	
810,197150	1,427000E-11	
812,946746	1,428286E-11	
815,696343	1,429286E-11	
818,445940	1,425286E-11	
821,195536	1,417286E-11	
823,945133	1,405286E-11	
826,694729	1,393143E-11	
829,444326	1,389857E-11	
832,193922	1,363857E-11	
834,943519	1,338571E-11	
837,693116	1,322000E-11	
840,442712	1,370857E-11	
843,192309	1,263857E-11	
845,941905	1,250571E-11	
848,691502	1,227143E-11	
851,441098	1,208000E-11	
854,190695	1,180286E-11	
856,940291	1,152286E-11	
859,689888	1,127429E-11	
862,439485	1,101714E-11	
865,189081	1,075143E-11	
867,938678	1,050143E-11	
870,688274	1,024143E-11	
873,437871	9,982857E-12	
876,187467	9,722857E-12	
878,937064	9,500000E-12	
881,686661	9,272857E-12	
884,436257	9,027143E-12	
887,185854	8,792857E-12	
889,935450	8,568571E-12	
892,685047	8,370000E-12	
895,434643	8,170000E-12	
898,184240	7,970000E-12	
900,933836	7,787143E-12	
903,683433	7,608571E-12	
906,433030	7,461429E-12	
909,182626	7,307143E-12	
911,932223	7,184286E-12	
914,681819	6,994286E-12	
917,431416	6,877143E-12	
920,181012	6,732857E-12	
922,930609	6,602857E-12	
925,680206	6,477143E-12	
928,429802	6,380000E-12	
931,179399	6,231429E-12	
933,928995	6,111429E-12	
936,678592	6,241429E-12	
939,428188	5,988571E-12	
942,177785	5,835714E-12	
944,927382	5,704286E-12	
947,676978	5,590000E-12	
950,426575	5,487143E-12	
953,176171	5,392857E-12	
955,925768	5,310000E-12	
958,675364	5,198571E-12	
961,424961	5,082857E-12	
964,174557	4,985714E-12	
966,924154	4,910000E-12	
969,673751	4,840000E-12	
972,423347	4,754286E-12	
975,172944	4,644286E-12	
977,922540	4,557143E-12	
980,672137	4,465714E-12	
983,421733	4,384286E-12	
986,171330	4,291429E-12	
988,920927	4,218571E-12	
991,670523	4,134286E-12	
994,420120	4,054286E-12	
997,169716	3,987143E-12	
999,919313	3,918571E-12	
