# 
#  
# Position in Scale Ticks	Current in A
400,000000	2,894000E-12	
403,000100	2,912000E-12	
406,000200	2,944000E-12	
409,000300	2,984000E-12	
412,000400	3,036000E-12	
415,000500	3,072000E-12	
418,000600	3,124000E-12	
421,000700	3,166000E-12	
424,000800	3,204000E-12	
427,000900	3,254000E-12	
430,001000	3,296000E-12	
433,001100	3,608000E-12	
436,001200	3,392000E-12	
439,001299	3,432000E-12	
442,001399	3,516000E-12	
445,001499	3,756000E-12	
448,001599	3,648000E-12	
451,001699	3,656000E-12	
454,001799	3,706000E-12	
457,001899	3,776000E-12	
460,001999	3,800000E-12	
463,002099	3,800000E-12	
466,002199	3,810000E-12	
469,002299	3,836000E-12	
472,002399	3,922000E-12	
475,002499	3,964000E-12	
478,002599	4,060000E-12	
481,002699	4,130000E-12	
484,002799	4,202000E-12	
487,002899	4,276000E-12	
490,002999	4,358000E-12	
493,003099	4,442000E-12	
496,003199	4,516000E-12	
499,003299	4,582000E-12	
502,003399	4,670000E-12	
505,003499	4,770000E-12	
508,003599	4,852000E-12	
511,003699	4,948000E-12	
514,003798	5,038000E-12	
517,003898	5,136000E-12	
520,003998	5,910000E-12	
523,004098	5,420000E-12	
526,004198	5,454000E-12	
529,004298	5,560000E-12	
532,004398	6,686000E-12	
535,004498	5,812000E-12	
538,004598	5,902000E-12	
541,004698	5,990000E-12	
544,004798	6,114000E-12	
547,004898	6,258000E-12	
550,004998	6,396000E-12	
553,005098	6,542000E-12	
556,005198	6,684000E-12	
559,005298	6,838000E-12	
562,005398	6,972000E-12	
565,005498	7,110000E-12	
568,005598	7,220000E-12	
571,005698	7,340000E-12	
574,005798	7,512000E-12	
577,005898	7,686000E-12	
580,005998	7,862000E-12	
583,006098	8,190000E-12	
586,006198	8,240000E-12	
589,006297	8,408000E-12	
592,006397	8,620000E-12	
595,006497	8,876000E-12	
598,006597	9,540000E-12	
601,006697	9,902000E-12	
604,006797	9,780000E-12	
607,006897	1,006000E-11	
610,006997	1,039200E-11	
613,007097	1,123000E-11	
616,007197	1,121400E-11	
619,007297	1,144600E-11	
622,007397	1,178800E-11	
625,007497	1,216000E-11	
628,007597	1,256200E-11	
631,007697	1,336600E-11	
634,007797	1,347200E-11	
637,007897	1,414400E-11	
640,007997	1,438600E-11	
643,008097	1,512800E-11	
646,008197	1,533600E-11	
649,008297	1,607000E-11	
652,008397	1,668200E-11	
655,008497	1,724000E-11	
658,008597	1,781000E-11	
661,008697	1,799600E-11	
664,008796	1,874000E-11	
667,008896	1,948200E-11	
670,008996	1,932000E-11	
673,009096	1,954800E-11	
676,009196	1,982800E-11	
679,009296	2,003000E-11	
682,009396	2,009000E-11	
685,009496	2,003600E-11	
688,009596	1,991800E-11	
691,009696	1,968800E-11	
694,009796	1,933200E-11	
697,009896	1,857600E-11	
700,009996	1,788800E-11	
703,010096	1,733600E-11	
706,010196	1,664800E-11	
709,010296	1,701400E-11	
712,010396	1,513600E-11	
715,010496	1,443400E-11	
718,010596	1,351000E-11	
721,010696	1,274000E-11	
724,010796	1,206400E-11	
727,010896	1,131800E-11	
730,010996	1,070800E-11	
733,011096	1,051000E-11	
736,011196	1,016400E-11	
739,011295	1,002200E-11	
742,011395	1,003000E-11	
745,011495	1,028000E-11	
748,011595	1,098200E-11	
751,011695	1,173000E-11	
754,011795	1,262600E-11	
757,011895	1,375200E-11	
760,011995	1,465800E-11	
763,012095	1,583200E-11	
766,012195	1,692000E-11	
769,012295	1,798200E-11	
772,012395	1,899400E-11	
775,012495	1,974000E-11	
778,012595	2,041000E-11	
781,012695	2,103600E-11	
784,012795	2,111400E-11	
787,012895	2,125000E-11	
790,012995	2,118400E-11	
793,013095	2,091000E-11	
796,013195	2,024800E-11	
799,013295	1,956000E-11	
802,013395	1,887800E-11	
805,013495	1,820600E-11	
808,013595	1,743800E-11	
811,013695	1,679800E-11	
814,013794	1,604800E-11	
817,013894	1,549800E-11	
820,013994	1,482000E-11	
823,014094	1,421000E-11	
826,014194	1,362400E-11	
829,014294	1,306800E-11	
832,014394	1,281000E-11	
835,014494	1,206000E-11	
838,014594	1,180800E-11	
841,014694	1,106800E-11	
844,014794	1,090000E-11	
847,014894	1,020800E-11	
850,014994	1,005600E-11	
853,015094	9,704000E-12	
856,015194	9,146000E-12	
859,015294	8,974000E-12	
862,015394	8,668000E-12	
865,015494	8,360000E-12	
868,015594	8,870000E-12	
871,015694	7,802000E-12	
874,015794	7,498000E-12	
877,015894	7,240000E-12	
880,015994	6,996000E-12	
883,016094	6,764000E-12	
886,016194	6,540000E-12	
889,016293	6,332000E-12	
892,016393	6,132000E-12	
895,016493	5,946000E-12	
898,016593	5,844000E-12	
901,016693	5,660000E-12	
904,016793	5,490000E-12	
907,016893	5,360000E-12	
910,016993	5,262000E-12	
913,017093	5,112000E-12	
916,017193	5,000000E-12	
919,017293	4,900000E-12	
922,017393	4,800000E-12	
925,017493	4,708000E-12	
928,017593	4,604000E-12	
931,017693	4,512000E-12	
934,017793	4,430000E-12	
937,017893	4,336000E-12	
940,017993	4,252000E-12	
943,018093	4,172000E-12	
946,018193	4,120000E-12	
949,018293	4,046000E-12	
952,018393	3,934000E-12	
955,018493	3,890000E-12	
958,018593	3,824000E-12	
961,018693	3,772000E-12	
964,018792	3,702000E-12	
967,018892	4,314000E-12	
970,018992	3,952000E-12	
973,019092	3,690000E-12	
976,019192	3,520000E-12	
979,019292	3,444000E-12	
982,019392	3,364000E-12	
985,019492	3,294000E-12	
988,019592	3,240000E-12	
991,019692	3,186000E-12	
994,019792	3,132000E-12	
997,019892	3,086000E-12	
1000,019992	3,030000E-12	
