# 
#  
# Position in Scale Ticks	Current in A
450,000000	3,957000E-12	
452,749597	3,993000E-12	
455,499193	4,065000E-12	
458,248790	4,108000E-12	
460,998386	4,192000E-12	
463,747983	4,248000E-12	
466,497579	4,323000E-12	
469,247176	4,403000E-12	
471,996773	4,487000E-12	
474,746369	4,597000E-12	
477,495966	4,659000E-12	
480,245562	4,735000E-12	
482,995159	4,827000E-12	
485,744755	4,921000E-12	
488,494352	5,029000E-12	
491,243948	5,064000E-12	
493,993545	5,042000E-12	
496,743142	5,038000E-12	
499,492738	5,052000E-12	
502,242335	5,115000E-12	
504,991931	5,175000E-12	
507,741528	5,242000E-12	
510,491124	5,316000E-12	
513,240721	5,393000E-12	
515,990318	5,484000E-12	
518,739914	5,582000E-12	
521,489511	5,699000E-12	
524,239107	5,811000E-12	
526,988704	5,945000E-12	
529,738300	6,080000E-12	
532,487897	6,178000E-12	
535,237493	6,294000E-12	
537,987090	6,433000E-12	
540,736687	6,551000E-12	
543,486283	6,670000E-12	
546,235880	6,763000E-12	
548,985476	6,881000E-12	
551,735073	7,020000E-12	
554,484669	7,170000E-12	
557,234266	7,320000E-12	
559,983863	7,465000E-12	
562,733459	7,629000E-12	
565,483056	8,052000E-12	
568,232652	7,979000E-12	
570,982249	8,014000E-12	
573,731845	8,138000E-12	
576,481442	8,318000E-12	
579,231039	8,524000E-12	
581,980635	8,714000E-12	
584,730232	8,897000E-12	
587,479828	8,998000E-12	
590,229425	9,370000E-12	
592,979021	9,424000E-12	
595,728618	1,018200E-11	
598,478214	9,943000E-12	
601,227811	1,019300E-11	
603,977408	1,049000E-11	
606,727004	1,082000E-11	
609,476601	1,108900E-11	
612,226197	1,137500E-11	
614,975794	1,169200E-11	
617,725390	1,201500E-11	
620,474987	1,232700E-11	
623,224584	1,267700E-11	
625,974180	1,301100E-11	
628,723777	1,333500E-11	
631,473373	1,368500E-11	
634,222970	1,416200E-11	
636,972566	1,445500E-11	
639,722163	1,483300E-11	
642,471759	1,519500E-11	
645,221356	1,575200E-11	
647,970953	1,593700E-11	
650,720549	1,638100E-11	
653,470146	1,686000E-11	
656,219742	1,703700E-11	
658,969339	1,734200E-11	
661,718935	1,763300E-11	
664,468532	1,799200E-11	
667,218129	1,829900E-11	
669,967725	1,816400E-11	
672,717322	1,822700E-11	
675,466918	1,825900E-11	
678,216515	1,815900E-11	
680,966111	1,799200E-11	
683,715708	1,779100E-11	
686,465305	1,754300E-11	
689,214901	1,720000E-11	
691,964498	1,656400E-11	
694,714094	1,607000E-11	
697,463691	1,550900E-11	
700,213287	1,491000E-11	
702,962884	1,432900E-11	
705,712480	1,364700E-11	
708,462077	1,295400E-11	
711,211674	1,226300E-11	
713,961270	1,159700E-11	
716,710867	1,092000E-11	
719,460463	1,017900E-11	
722,210060	9,528000E-12	
724,959656	8,944000E-12	
727,709253	8,383000E-12	
730,458850	8,150000E-12	
733,208446	7,812000E-12	
735,958043	7,587000E-12	
738,707639	7,587000E-12	
741,457236	7,710000E-12	
744,206832	8,002000E-12	
746,956429	8,460000E-12	
749,706025	9,264000E-12	
752,455622	1,005000E-11	
755,205219	1,081900E-11	
757,954815	1,167800E-11	
760,704412	1,257500E-11	
763,454008	1,371900E-11	
766,203605	1,441100E-11	
768,953201	1,528600E-11	
771,702798	1,615400E-11	
774,452395	1,690900E-11	
777,201991	1,775700E-11	
779,951588	1,836900E-11	
782,701184	1,860500E-11	
785,450781	1,894800E-11	
788,200377	1,937200E-11	
790,949974	1,917100E-11	
793,699570	1,904000E-11	
796,449167	1,880600E-11	
799,198764	1,847400E-11	
801,948360	1,806800E-11	
804,697957	1,762800E-11	
807,447553	1,719100E-11	
810,197150	1,651300E-11	
812,946746	1,588900E-11	
815,696343	1,562400E-11	
818,445940	1,496400E-11	
821,195536	1,468500E-11	
823,945133	1,398900E-11	
826,694729	1,348900E-11	
829,444326	1,304700E-11	
832,193922	1,303900E-11	
834,943519	1,219300E-11	
837,693116	1,195100E-11	
840,442712	1,155600E-11	
843,192309	1,116600E-11	
845,941905	1,081200E-11	
848,691502	1,044200E-11	
851,441098	1,007000E-11	
854,190695	9,726000E-12	
856,940291	9,416000E-12	
859,689888	9,106000E-12	
862,439485	8,806000E-12	
865,189081	8,525000E-12	
867,938678	8,260000E-12	
870,688274	9,119000E-12	
873,437871	7,785000E-12	
876,187467	7,523000E-12	
878,937064	7,281000E-12	
881,686661	7,051000E-12	
884,436257	6,862000E-12	
887,185854	6,679000E-12	
889,935450	6,477000E-12	
892,685047	6,291000E-12	
895,434643	6,117000E-12	
898,184240	5,953000E-12	
900,933836	5,875000E-12	
903,683433	5,678000E-12	
906,433030	5,543000E-12	
909,182626	5,406000E-12	
911,932223	5,288000E-12	
914,681819	5,183000E-12	
917,431416	5,116000E-12	
920,181012	4,978000E-12	
922,930609	4,897000E-12	
925,680206	4,780000E-12	
928,429802	4,688000E-12	
931,179399	4,588000E-12	
933,928995	4,500000E-12	
936,678592	4,416000E-12	
939,428188	4,350000E-12	
942,177785	4,268000E-12	
944,927382	4,199000E-12	
947,676978	4,136000E-12	
950,426575	4,051000E-12	
953,176171	3,982000E-12	
955,925768	3,914000E-12	
958,675364	3,848000E-12	
961,424961	3,772000E-12	
964,174557	3,726000E-12	
966,924154	3,647000E-12	
969,673751	3,593000E-12	
972,423347	3,545000E-12	
975,172944	3,471000E-12	
977,922540	3,416000E-12	
980,672137	3,358000E-12	
983,421733	3,318000E-12	
986,171330	3,254000E-12	
988,920927	3,189000E-12	
991,670523	3,134000E-12	
994,420120	3,075000E-12	
997,169716	3,031000E-12	
999,919313	3,192000E-12	
