# 
#  
# Position in Scale Ticks	Current in A
450,000000	3,914000E-12	
452,749597	3,959000E-12	
455,499193	3,998000E-12	
458,248790	4,914000E-12	
460,998386	4,146000E-12	
463,747983	4,206000E-12	
466,497579	4,422000E-12	
469,247176	4,363000E-12	
471,996773	4,426000E-12	
474,746369	4,507000E-12	
477,495966	4,602000E-12	
480,245562	4,713000E-12	
482,995159	4,789000E-12	
485,744755	4,877000E-12	
488,494352	4,972000E-12	
491,243948	5,563000E-12	
493,993545	5,098000E-12	
496,743142	5,039000E-12	
499,492738	5,030000E-12	
502,242335	5,057000E-12	
504,991931	5,120000E-12	
507,741528	5,186000E-12	
510,491124	5,242000E-12	
513,240721	5,304000E-12	
515,990318	5,381000E-12	
518,739914	5,471000E-12	
521,489511	5,563000E-12	
524,239107	5,884000E-12	
526,988704	5,768000E-12	
529,738300	5,879000E-12	
532,487897	6,002000E-12	
535,237493	6,152000E-12	
537,987090	6,252000E-12	
540,736687	6,358000E-12	
543,486283	6,469000E-12	
546,235880	6,559000E-12	
548,985476	6,660000E-12	
551,735073	6,862000E-12	
554,484669	6,929000E-12	
557,234266	7,059000E-12	
559,983863	7,198000E-12	
562,733459	7,323000E-12	
565,483056	7,474000E-12	
568,232652	7,626000E-12	
570,982249	7,771000E-12	
573,731845	7,904000E-12	
576,481442	8,063000E-12	
579,231039	8,361000E-12	
581,980635	8,511000E-12	
584,730232	8,708000E-12	
587,479828	8,827000E-12	
590,229425	8,975000E-12	
592,979021	9,168000E-12	
595,728618	9,377000E-12	
598,478214	9,627000E-12	
601,227811	9,869000E-12	
603,977408	1,013600E-11	
606,727004	1,041500E-11	
609,476601	1,070700E-11	
612,226197	1,102000E-11	
614,975794	1,131500E-11	
617,725390	1,160600E-11	
620,474987	1,203600E-11	
623,224584	1,226100E-11	
625,974180	1,256000E-11	
628,723777	1,289700E-11	
631,473373	1,324800E-11	
634,222970	1,363300E-11	
636,972566	1,401700E-11	
639,722163	1,441600E-11	
642,471759	1,513400E-11	
645,221356	1,519500E-11	
647,970953	1,556100E-11	
650,720549	1,594800E-11	
653,470146	1,637100E-11	
656,219742	1,677100E-11	
658,969339	1,740400E-11	
661,718935	1,758000E-11	
664,468532	1,789300E-11	
667,218129	1,822200E-11	
669,967725	1,845300E-11	
672,717322	1,868800E-11	
675,466918	1,886300E-11	
678,216515	1,901000E-11	
680,966111	1,899300E-11	
683,715708	1,891700E-11	
686,465305	1,873800E-11	
689,214901	1,850200E-11	
691,964498	1,847800E-11	
694,714094	1,793300E-11	
697,463691	1,746400E-11	
700,213287	1,674900E-11	
702,962884	1,619800E-11	
705,712480	1,562200E-11	
708,462077	1,495100E-11	
711,211674	1,430400E-11	
713,961270	1,363500E-11	
716,710867	1,296600E-11	
719,460463	1,237000E-11	
722,210060	1,155900E-11	
724,959656	1,088900E-11	
727,709253	1,023300E-11	
730,458850	9,620000E-12	
733,208446	9,058000E-12	
735,958043	8,816000E-12	
738,707639	8,504000E-12	
741,457236	8,331000E-12	
744,206832	8,299000E-12	
746,956429	8,453000E-12	
749,706025	8,753000E-12	
752,455622	9,415000E-12	
755,205219	1,001200E-11	
757,954815	1,074300E-11	
760,704412	1,156700E-11	
763,454008	1,233200E-11	
766,203605	1,335500E-11	
768,953201	1,428100E-11	
771,702798	1,514400E-11	
774,452395	1,609200E-11	
777,201991	1,705200E-11	
779,951588	1,828900E-11	
782,701184	1,881700E-11	
785,450781	1,941800E-11	
788,200377	1,965300E-11	
790,949974	1,990600E-11	
793,699570	2,000300E-11	
796,449167	1,995100E-11	
799,198764	1,974500E-11	
801,948360	1,943500E-11	
804,697957	1,902400E-11	
807,447553	1,832400E-11	
810,197150	1,786000E-11	
812,946746	1,732800E-11	
815,696343	1,680000E-11	
818,445940	1,647800E-11	
821,195536	1,576200E-11	
823,945133	1,547700E-11	
826,694729	1,476500E-11	
829,444326	1,445900E-11	
832,193922	1,376600E-11	
834,943519	1,350800E-11	
837,693116	1,302400E-11	
840,442712	1,260400E-11	
843,192309	1,214800E-11	
845,941905	1,173800E-11	
848,691502	1,135300E-11	
851,441098	1,098100E-11	
854,190695	1,062500E-11	
856,940291	1,027200E-11	
859,689888	9,932000E-12	
862,439485	9,623000E-12	
865,189081	9,519000E-12	
867,938678	9,000000E-12	
870,688274	8,915000E-12	
873,437871	8,460000E-12	
876,187467	8,140000E-12	
878,937064	7,891000E-12	
881,686661	7,622000E-12	
884,436257	7,371000E-12	
887,185854	7,130000E-12	
889,935450	6,911000E-12	
892,685047	6,705000E-12	
895,434643	6,509000E-12	
898,184240	6,330000E-12	
900,933836	6,175000E-12	
903,683433	6,016000E-12	
906,433030	5,862000E-12	
909,182626	5,752000E-12	
911,932223	5,601000E-12	
914,681819	5,476000E-12	
917,431416	5,359000E-12	
920,181012	5,254000E-12	
922,930609	5,152000E-12	
925,680206	5,034000E-12	
928,429802	4,953000E-12	
931,179399	4,863000E-12	
933,928995	5,397000E-12	
936,678592	4,750000E-12	
939,428188	4,620000E-12	
942,177785	4,528000E-12	
944,927382	4,447000E-12	
947,676978	4,389000E-12	
950,426575	4,293000E-12	
953,176171	4,232000E-12	
955,925768	4,163000E-12	
958,675364	4,104000E-12	
961,424961	4,031000E-12	
964,174557	3,957000E-12	
966,924154	3,896000E-12	
969,673751	3,831000E-12	
972,423347	3,793000E-12	
975,172944	3,704000E-12	
977,922540	3,636000E-12	
980,672137	3,573000E-12	
983,421733	3,508000E-12	
986,171330	3,550000E-12	
988,920927	3,406000E-12	
991,670523	3,346000E-12	
994,420120	3,289000E-12	
997,169716	3,231000E-12	
999,919313	3,189000E-12	
