# 
#  
# Position in Scale Ticks	Current in A
450,000000	4,650000E-12	
452,749597	4,684286E-12	
455,499193	4,777143E-12	
458,248790	4,831429E-12	
460,998386	4,910000E-12	
463,747983	4,998571E-12	
466,497579	5,084286E-12	
469,247176	5,170000E-12	
471,996773	5,517143E-12	
474,746369	5,370000E-12	
477,495966	5,462857E-12	
480,245562	5,564286E-12	
482,995159	5,687143E-12	
485,744755	5,777143E-12	
488,494352	5,887143E-12	
491,243948	5,930000E-12	
493,993545	5,895714E-12	
496,743142	5,944286E-12	
499,492738	5,938571E-12	
502,242335	6,011429E-12	
504,991931	6,135714E-12	
507,741528	6,182857E-12	
510,491124	6,258571E-12	
513,240721	6,401429E-12	
515,990318	6,471429E-12	
518,739914	6,597143E-12	
521,489511	6,710000E-12	
524,239107	6,828571E-12	
526,988704	8,324286E-12	
529,738300	7,270000E-12	
532,487897	7,394286E-12	
535,237493	7,458571E-12	
537,987090	7,585714E-12	
540,736687	7,702857E-12	
543,486283	7,794286E-12	
546,235880	7,898571E-12	
548,985476	8,035714E-12	
551,735073	8,195714E-12	
554,484669	8,354286E-12	
557,234266	8,495714E-12	
559,983863	8,641429E-12	
562,733459	8,790000E-12	
565,483056	8,937143E-12	
568,232652	9,077143E-12	
570,982249	9,192857E-12	
573,731845	9,320000E-12	
576,481442	9,498571E-12	
579,231039	9,707143E-12	
581,980635	9,874286E-12	
584,730232	9,985714E-12	
587,479828	1,011000E-11	
590,229425	1,027857E-11	
592,979021	1,047714E-11	
595,728618	1,069714E-11	
598,478214	1,094286E-11	
601,227811	1,118714E-11	
603,977408	1,143714E-11	
606,727004	1,169429E-11	
609,476601	1,194714E-11	
612,226197	1,219714E-11	
614,975794	1,244857E-11	
617,725390	1,270143E-11	
620,474987	1,292571E-11	
623,224584	1,316571E-11	
625,974180	1,342000E-11	
628,723777	1,364000E-11	
631,473373	1,387143E-11	
634,222970	1,409429E-11	
636,972566	1,433143E-11	
639,722163	1,447714E-11	
642,471759	1,462000E-11	
645,221356	1,475429E-11	
647,970953	1,489714E-11	
650,720549	1,498000E-11	
653,470146	1,503571E-11	
656,219742	1,545714E-11	
658,969339	1,505429E-11	
661,718935	1,499857E-11	
664,468532	1,491286E-11	
667,218129	1,482429E-11	
669,967725	1,468143E-11	
672,717322	1,504143E-11	
675,466918	1,408286E-11	
678,216515	1,375286E-11	
680,966111	1,340000E-11	
683,715708	1,308429E-11	
686,465305	1,269143E-11	
689,214901	1,192714E-11	
691,964498	1,169000E-11	
694,714094	1,093286E-11	
697,463691	1,028429E-11	
700,213287	9,760000E-12	
702,962884	9,182857E-12	
705,712480	8,650000E-12	
708,462077	8,072857E-12	
711,211674	7,460000E-12	
713,961270	6,908571E-12	
716,710867	6,648571E-12	
719,460463	5,931429E-12	
722,210060	5,705714E-12	
724,959656	5,325714E-12	
727,709253	5,008571E-12	
730,458850	4,794286E-12	
733,208446	4,671429E-12	
735,958043	4,631429E-12	
738,707639	6,302857E-12	
741,457236	5,060000E-12	
744,206832	5,215714E-12	
746,956429	6,008571E-12	
749,706025	5,995714E-12	
752,455622	6,717143E-12	
755,205219	7,307143E-12	
757,954815	7,871429E-12	
760,704412	8,500000E-12	
763,454008	9,104286E-12	
766,203605	9,840000E-12	
768,953201	1,056714E-11	
771,702798	1,125857E-11	
774,452395	1,201000E-11	
777,201991	1,282000E-11	
779,951588	1,350286E-11	
782,701184	1,410000E-11	
785,450781	1,440571E-11	
788,200377	1,482714E-11	
790,949974	1,520000E-11	
793,699570	1,545429E-11	
796,449167	1,564857E-11	
799,198764	1,572286E-11	
801,948360	1,572857E-11	
804,697957	1,567571E-11	
807,447553	1,554143E-11	
810,197150	1,536714E-11	
812,946746	1,515571E-11	
815,696343	1,494143E-11	
818,445940	1,464714E-11	
821,195536	1,440143E-11	
823,945133	1,443143E-11	
826,694729	1,374857E-11	
829,444326	1,342571E-11	
832,193922	1,307143E-11	
834,943519	1,272714E-11	
837,693116	1,240714E-11	
840,442712	1,208571E-11	
843,192309	1,177714E-11	
845,941905	1,148286E-11	
848,691502	1,117429E-11	
851,441098	1,094571E-11	
854,190695	1,060857E-11	
856,940291	1,032143E-11	
859,689888	1,004429E-11	
862,439485	9,774286E-12	
865,189081	9,512857E-12	
867,938678	9,231429E-12	
870,688274	8,971429E-12	
873,437871	8,717143E-12	
876,187467	8,462857E-12	
878,937064	8,222857E-12	
881,686661	8,005714E-12	
884,436257	7,787143E-12	
887,185854	7,590000E-12	
889,935450	7,504286E-12	
892,685047	7,227143E-12	
895,434643	7,045714E-12	
898,184240	6,865714E-12	
900,933836	6,701429E-12	
903,683433	6,460000E-12	
906,433030	6,382857E-12	
909,182626	6,251429E-12	
911,932223	6,101429E-12	
914,681819	5,940000E-12	
917,431416	5,840000E-12	
920,181012	5,725714E-12	
922,930609	5,611429E-12	
925,680206	5,501429E-12	
928,429802	5,380000E-12	
931,179399	5,267143E-12	
933,928995	5,162857E-12	
936,678592	5,100000E-12	
939,428188	4,991429E-12	
942,177785	4,880000E-12	
944,927382	4,784286E-12	
947,676978	4,692857E-12	
950,426575	4,661429E-12	
953,176171	4,557143E-12	
955,925768	4,455714E-12	
958,675364	4,384286E-12	
961,424961	4,315714E-12	
964,174557	4,228571E-12	
966,924154	4,160000E-12	
969,673751	4,078571E-12	
972,423347	3,997143E-12	
975,172944	3,915714E-12	
977,922540	3,875714E-12	
980,672137	3,971429E-12	
983,421733	3,732857E-12	
986,171330	3,680000E-12	
988,920927	3,601429E-12	
991,670523	3,497143E-12	
994,420120	3,474286E-12	
997,169716	3,572857E-12	
999,919313	3,508571E-12	
