# 
#  
# Position in Scale Ticks	Current in A
450,000000	4,065714E-12	
452,749597	4,084286E-12	
455,499193	4,155714E-12	
458,248790	4,217143E-12	
460,998386	4,301429E-12	
463,747983	4,352857E-12	
466,497579	4,422857E-12	
469,247176	4,507143E-12	
471,996773	4,584286E-12	
474,746369	4,671429E-12	
477,495966	4,762857E-12	
480,245562	4,865714E-12	
482,995159	4,957143E-12	
485,744755	5,064286E-12	
488,494352	6,028571E-12	
491,243948	5,267143E-12	
493,993545	5,232857E-12	
496,743142	5,218571E-12	
499,492738	5,221429E-12	
502,242335	5,311429E-12	
504,991931	5,361429E-12	
507,741528	5,421429E-12	
510,491124	5,501429E-12	
513,240721	5,920000E-12	
515,990318	5,715714E-12	
518,739914	5,785714E-12	
521,489511	5,902857E-12	
524,239107	6,004286E-12	
526,988704	6,128571E-12	
529,738300	6,260000E-12	
532,487897	6,410000E-12	
535,237493	6,584286E-12	
537,987090	6,688571E-12	
540,736687	6,810000E-12	
543,486283	6,935714E-12	
546,235880	7,041429E-12	
548,985476	7,147143E-12	
551,735073	7,418571E-12	
554,484669	7,441429E-12	
557,234266	7,570000E-12	
559,983863	7,707143E-12	
562,733459	9,384286E-12	
565,483056	8,258571E-12	
568,232652	8,202857E-12	
570,982249	8,624286E-12	
573,731845	8,480000E-12	
576,481442	8,592857E-12	
579,231039	8,788571E-12	
581,980635	8,992857E-12	
584,730232	9,157143E-12	
587,479828	9,280000E-12	
590,229425	9,428571E-12	
592,979021	9,635714E-12	
595,728618	1,000000E-11	
598,478214	1,025857E-11	
601,227811	1,077286E-11	
603,977408	1,067714E-11	
606,727004	1,094857E-11	
609,476601	1,123714E-11	
612,226197	1,151857E-11	
614,975794	1,181571E-11	
617,725390	1,211714E-11	
620,474987	1,242714E-11	
623,224584	1,317143E-11	
625,974180	1,312571E-11	
628,723777	1,341000E-11	
631,473373	1,398286E-11	
634,222970	1,439000E-11	
636,972566	1,458286E-11	
639,722163	1,470571E-11	
642,471759	1,499000E-11	
645,221356	1,528714E-11	
647,970953	1,557429E-11	
650,720549	1,587857E-11	
653,470146	1,614429E-11	
656,219742	1,637714E-11	
658,969339	1,656143E-11	
661,718935	1,670429E-11	
664,468532	1,683571E-11	
667,218129	1,689857E-11	
669,967725	1,692000E-11	
672,717322	1,690286E-11	
675,466918	1,682000E-11	
678,216515	1,665286E-11	
680,966111	1,643143E-11	
683,715708	1,617429E-11	
686,465305	1,589286E-11	
689,214901	1,554429E-11	
691,964498	1,482143E-11	
694,714094	1,446286E-11	
697,463691	1,374571E-11	
700,213287	1,315286E-11	
702,962884	1,244000E-11	
705,712480	1,184429E-11	
708,462077	1,115429E-11	
711,211674	1,050429E-11	
713,961270	9,838571E-12	
716,710867	9,158571E-12	
719,460463	8,492857E-12	
722,210060	7,911429E-12	
724,959656	7,342857E-12	
727,709253	7,094286E-12	
730,458850	6,694286E-12	
733,208446	6,392857E-12	
735,958043	6,247143E-12	
738,707639	6,241429E-12	
741,457236	6,387143E-12	
744,206832	6,651429E-12	
746,956429	7,332857E-12	
749,706025	7,872857E-12	
752,455622	8,450000E-12	
755,205219	9,127143E-12	
757,954815	9,827143E-12	
760,704412	1,066857E-11	
763,454008	1,127857E-11	
766,203605	1,206571E-11	
768,953201	1,290429E-11	
771,702798	1,374571E-11	
774,452395	1,466714E-11	
777,201991	1,563143E-11	
779,951588	1,621571E-11	
782,701184	1,682000E-11	
785,450781	1,704857E-11	
788,200377	1,743714E-11	
790,949974	1,786143E-11	
793,699570	1,779571E-11	
796,449167	1,778714E-11	
799,198764	1,762571E-11	
801,948360	1,740143E-11	
804,697957	1,712571E-11	
807,447553	1,680429E-11	
810,197150	1,638571E-11	
812,946746	1,778000E-11	
815,696343	1,537429E-11	
818,445940	1,516857E-11	
821,195536	1,448857E-11	
823,945133	1,427429E-11	
826,694729	1,387429E-11	
829,444326	1,320429E-11	
832,193922	1,298143E-11	
834,943519	1,231000E-11	
837,693116	1,214286E-11	
840,442712	1,178857E-11	
843,192309	1,142000E-11	
845,941905	1,105286E-11	
848,691502	1,071000E-11	
851,441098	1,039143E-11	
854,190695	1,006857E-11	
856,940291	9,747143E-12	
859,689888	9,462857E-12	
862,439485	9,190000E-12	
865,189081	8,930000E-12	
867,938678	8,644286E-12	
870,688274	8,362857E-12	
873,437871	8,095714E-12	
876,187467	7,858571E-12	
878,937064	7,605714E-12	
881,686661	7,431429E-12	
884,436257	7,191429E-12	
887,185854	6,964286E-12	
889,935450	6,768571E-12	
892,685047	6,591429E-12	
895,434643	6,431429E-12	
898,184240	6,250000E-12	
900,933836	6,072857E-12	
903,683433	5,924286E-12	
906,433030	5,790000E-12	
909,182626	5,660000E-12	
911,932223	5,522857E-12	
914,681819	5,400000E-12	
917,431416	5,270000E-12	
920,181012	5,157143E-12	
922,930609	5,060000E-12	
925,680206	4,944286E-12	
928,429802	4,888571E-12	
931,179399	4,808571E-12	
933,928995	4,682857E-12	
936,678592	4,592857E-12	
939,428188	4,511429E-12	
942,177785	4,437143E-12	
944,927382	4,340000E-12	
947,676978	4,267143E-12	
950,426575	4,222857E-12	
953,176171	4,134286E-12	
955,925768	4,275714E-12	
958,675364	4,044286E-12	
961,424961	4,041429E-12	
964,174557	3,842857E-12	
966,924154	3,768571E-12	
969,673751	3,728571E-12	
972,423347	3,662857E-12	
975,172944	3,601429E-12	
977,922540	3,601429E-12	
980,672137	3,451429E-12	
983,421733	3,404286E-12	
986,171330	3,332857E-12	
988,920927	3,265714E-12	
991,670523	3,214286E-12	
994,420120	3,168571E-12	
997,169716	3,102857E-12	
999,919313	3,080000E-12	
