# 
#  
# Position in Scale Ticks	Current in A
450,000000	5,483000E-12	
452,749597	5,524000E-12	
455,499193	5,623000E-12	
458,248790	5,702000E-12	
460,998386	5,788000E-12	
463,747983	5,881000E-12	
466,497579	6,058000E-12	
469,247176	6,064000E-12	
471,996773	6,176000E-12	
474,746369	6,286000E-12	
477,495966	6,401000E-12	
480,245562	6,482000E-12	
482,995159	6,590000E-12	
485,744755	6,706000E-12	
488,494352	6,813000E-12	
491,243948	6,828000E-12	
493,993545	6,811000E-12	
496,743142	6,820000E-12	
499,492738	7,162000E-12	
502,242335	7,076000E-12	
504,991931	7,122000E-12	
507,741528	7,196000E-12	
510,491124	7,229000E-12	
513,240721	7,305000E-12	
515,990318	7,409000E-12	
518,739914	7,510000E-12	
521,489511	7,679000E-12	
524,239107	7,808000E-12	
526,988704	8,072000E-12	
529,738300	8,040000E-12	
532,487897	8,165000E-12	
535,237493	8,313000E-12	
537,987090	8,451000E-12	
540,736687	8,573000E-12	
543,486283	8,716000E-12	
546,235880	8,825000E-12	
548,985476	8,936000E-12	
551,735073	9,048000E-12	
554,484669	9,179000E-12	
557,234266	9,303000E-12	
559,983863	9,442000E-12	
562,733459	9,595000E-12	
565,483056	1,009100E-11	
568,232652	9,869000E-12	
570,982249	1,028100E-11	
573,731845	1,027700E-11	
576,481442	1,019300E-11	
579,231039	1,035000E-11	
581,980635	1,063800E-11	
584,730232	1,066000E-11	
587,479828	1,087300E-11	
590,229425	1,086200E-11	
592,979021	1,098800E-11	
595,728618	1,113500E-11	
598,478214	1,130200E-11	
601,227811	1,147800E-11	
603,977408	1,163100E-11	
606,727004	1,178100E-11	
609,476601	1,193300E-11	
612,226197	1,206900E-11	
614,975794	1,220000E-11	
617,725390	1,232800E-11	
620,474987	1,246200E-11	
623,224584	1,257600E-11	
625,974180	1,265800E-11	
628,723777	1,274600E-11	
631,473373	1,286200E-11	
634,222970	1,295200E-11	
636,972566	1,293500E-11	
639,722163	1,293000E-11	
642,471759	1,292100E-11	
645,221356	1,288000E-11	
647,970953	1,282700E-11	
650,720549	1,272500E-11	
653,470146	1,261900E-11	
656,219742	1,247800E-11	
658,969339	1,228700E-11	
661,718935	1,209700E-11	
664,468532	1,185600E-11	
667,218129	1,160700E-11	
669,967725	1,137000E-11	
672,717322	1,119600E-11	
675,466918	1,085300E-11	
678,216515	1,061600E-11	
680,966111	1,006700E-11	
683,715708	9,565000E-12	
686,465305	9,160000E-12	
689,214901	8,771000E-12	
691,964498	8,385000E-12	
694,714094	7,672000E-12	
697,463691	7,480000E-12	
700,213287	6,989000E-12	
702,962884	6,649000E-12	
705,712480	6,250000E-12	
708,462077	5,841000E-12	
711,211674	5,439000E-12	
713,961270	5,091000E-12	
716,710867	4,838000E-12	
719,460463	4,508000E-12	
722,210060	4,222000E-12	
724,959656	3,968000E-12	
727,709253	3,763000E-12	
730,458850	3,632000E-12	
733,208446	3,622000E-12	
735,958043	3,535000E-12	
738,707639	3,437000E-12	
741,457236	3,470000E-12	
744,206832	3,543000E-12	
746,956429	3,680000E-12	
749,706025	4,128000E-12	
752,455622	4,077000E-12	
755,205219	4,331000E-12	
757,954815	4,641000E-12	
760,704412	5,539000E-12	
763,454008	5,445000E-12	
766,203605	5,844000E-12	
768,953201	6,585000E-12	
771,702798	6,899000E-12	
774,452395	7,649000E-12	
777,201991	8,205000E-12	
779,951588	8,820000E-12	
782,701184	9,382000E-12	
785,450781	1,040200E-11	
788,200377	1,043000E-11	
790,949974	1,117200E-11	
793,699570	1,146500E-11	
796,449167	1,188400E-11	
799,198764	1,227900E-11	
801,948360	1,261100E-11	
804,697957	1,350200E-11	
807,447553	1,326200E-11	
810,197150	1,330000E-11	
812,946746	1,337400E-11	
815,696343	1,340300E-11	
818,445940	1,340600E-11	
821,195536	1,339300E-11	
823,945133	1,332400E-11	
826,694729	1,324700E-11	
829,444326	1,314500E-11	
832,193922	1,304000E-11	
834,943519	1,285000E-11	
837,693116	1,266800E-11	
840,442712	1,249400E-11	
843,192309	1,230100E-11	
845,941905	1,210900E-11	
848,691502	1,199000E-11	
851,441098	1,169200E-11	
854,190695	1,148400E-11	
856,940291	1,127900E-11	
859,689888	1,106800E-11	
862,439485	1,081100E-11	
865,189081	1,056600E-11	
867,938678	1,033300E-11	
870,688274	1,012700E-11	
873,437871	9,893000E-12	
876,187467	9,727000E-12	
878,937064	9,460000E-12	
881,686661	9,251000E-12	
884,436257	9,076000E-12	
887,185854	8,878000E-12	
889,935450	8,624000E-12	
892,685047	8,428000E-12	
895,434643	8,238000E-12	
898,184240	8,068000E-12	
900,933836	7,895000E-12	
903,683433	7,698000E-12	
906,433030	7,543000E-12	
909,182626	7,366000E-12	
911,932223	7,216000E-12	
914,681819	7,065000E-12	
917,431416	6,931000E-12	
920,181012	6,828000E-12	
922,930609	6,712000E-12	
925,680206	6,562000E-12	
928,429802	6,443000E-12	
931,179399	6,325000E-12	
933,928995	6,251000E-12	
936,678592	6,156000E-12	
939,428188	5,992000E-12	
942,177785	5,865000E-12	
944,927382	5,757000E-12	
947,676978	5,647000E-12	
950,426575	5,550000E-12	
953,176171	5,601000E-12	
955,925768	5,349000E-12	
958,675364	5,261000E-12	
961,424961	5,158000E-12	
964,174557	5,077000E-12	
966,924154	4,972000E-12	
969,673751	4,887000E-12	
972,423347	5,076000E-12	
975,172944	4,712000E-12	
977,922540	4,627000E-12	
980,672137	4,551000E-12	
983,421733	4,463000E-12	
986,171330	4,372000E-12	
988,920927	5,106000E-12	
991,670523	4,344000E-12	
994,420120	4,150000E-12	
997,169716	4,076000E-12	
999,919313	4,028000E-12	
