# 
#  
# Position in Scale Ticks	Current in A
400,000000	2,936000E-12	
403,000100	2,920000E-12	
406,000200	3,205000E-12	
409,000300	3,123000E-12	
412,000400	2,955000E-12	
415,000500	2,938000E-12	
418,000600	2,915000E-12	
421,000700	2,920000E-12	
424,000800	2,924000E-12	
427,000900	2,933000E-12	
430,001000	2,940000E-12	
433,001100	2,941000E-12	
436,001200	3,009000E-12	
439,001299	3,096000E-12	
442,001399	2,982000E-12	
445,001499	2,930000E-12	
448,001599	2,925000E-12	
451,001699	2,937000E-12	
454,001799	2,925000E-12	
457,001899	2,922000E-12	
460,001999	2,930000E-12	
463,002099	2,930000E-12	
466,002199	2,930000E-12	
469,002299	2,926000E-12	
472,002399	2,923000E-12	
475,002499	2,910000E-12	
478,002599	2,920000E-12	
481,002699	2,920000E-12	
484,002799	2,942000E-12	
487,002899	2,916000E-12	
490,002999	2,932000E-12	
493,003099	2,932000E-12	
496,003199	2,968000E-12	
499,003299	2,942000E-12	
502,003399	2,920000E-12	
505,003499	2,920000E-12	
508,003599	2,910000E-12	
511,003699	2,922000E-12	
514,003798	2,930000E-12	
517,003898	2,930000E-12	
520,003998	2,920000E-12	
523,004098	2,920000E-12	
526,004198	2,920000E-12	
529,004298	2,912000E-12	
532,004398	2,936000E-12	
535,004498	3,083000E-12	
538,004598	2,957000E-12	
541,004698	3,123000E-12	
544,004798	7,804000E-12	
547,004898	3,302000E-12	
550,004998	2,959000E-12	
553,005098	2,932000E-12	
556,005198	2,922000E-12	
559,005298	2,920000E-12	
562,005398	3,067000E-12	
565,005498	3,105000E-12	
568,005598	2,978000E-12	
571,005698	2,934000E-12	
574,005798	2,926000E-12	
577,005898	3,103000E-12	
580,005998	2,972000E-12	
583,006098	2,953000E-12	
586,006198	2,934000E-12	
589,006297	2,924000E-12	
592,006397	2,910000E-12	
595,006497	2,973000E-12	
598,006597	2,980000E-12	
601,006697	2,925000E-12	
604,006797	2,912000E-12	
607,006897	2,938000E-12	
610,006997	2,912000E-12	
613,007097	2,911000E-12	
616,007197	2,931000E-12	
619,007297	2,939000E-12	
622,007397	2,901000E-12	
625,007497	2,901000E-12	
628,007597	2,909000E-12	
631,007697	2,906000E-12	
634,007797	2,908000E-12	
637,007897	2,913000E-12	
640,007997	2,940000E-12	
643,008097	3,078000E-12	
646,008197	2,888000E-12	
649,008297	2,892000E-12	
652,008397	2,892000E-12	
655,008497	2,893000E-12	
658,008597	2,902000E-12	
661,008697	2,901000E-12	
664,008796	2,921000E-12	
667,008896	2,897000E-12	
670,008996	2,890000E-12	
673,009096	2,899000E-12	
676,009196	2,900000E-12	
679,009296	2,896000E-12	
682,009396	2,890000E-12	
685,009496	2,913000E-12	
688,009596	2,883000E-12	
691,009696	2,872000E-12	
694,009796	3,063000E-12	
697,009896	2,905000E-12	
700,009996	2,872000E-12	
703,010096	2,880000E-12	
706,010196	2,881000E-12	
709,010296	2,890000E-12	
712,010396	2,890000E-12	
715,010496	2,883000E-12	
718,010596	2,890000E-12	
721,010696	2,900000E-12	
724,010796	2,893000E-12	
727,010896	2,890000E-12	
730,010996	2,893000E-12	
733,011096	2,900000E-12	
736,011196	2,890000E-12	
739,011295	2,899000E-12	
742,011395	2,915000E-12	
745,011495	2,900000E-12	
748,011595	2,912000E-12	
751,011695	2,907000E-12	
754,011795	2,900000E-12	
757,011895	2,893000E-12	
760,011995	2,927000E-12	
763,012095	2,904000E-12	
766,012195	3,194000E-12	
769,012295	3,054000E-12	
772,012395	2,889000E-12	
775,012495	2,941000E-12	
778,012595	2,900000E-12	
781,012695	2,879000E-12	
784,012795	2,909000E-12	
787,012895	2,893000E-12	
790,012995	2,878000E-12	
793,013095	2,896000E-12	
796,013195	2,921000E-12	
799,013295	2,954000E-12	
802,013395	2,883000E-12	
805,013495	2,880000E-12	
808,013595	2,885000E-12	
811,013695	2,880000E-12	
814,013794	2,885000E-12	
817,013894	2,877000E-12	
820,013994	2,883000E-12	
823,014094	2,880000E-12	
826,014194	2,877000E-12	
829,014294	2,860000E-12	
832,014394	2,889000E-12	
835,014494	2,906000E-12	
838,014594	2,900000E-12	
841,014694	2,895000E-12	
844,014794	2,880000E-12	
847,014894	2,889000E-12	
850,014994	2,885000E-12	
853,015094	2,887000E-12	
856,015194	2,908000E-12	
859,015294	2,874000E-12	
