# 
#  
# Position in Scale Ticks	Current in A
450,000000	4,885714E-12	
452,749597	4,934286E-12	
455,499193	5,020000E-12	
458,248790	5,092857E-12	
460,998386	5,171429E-12	
463,747983	5,265714E-12	
466,497579	5,350000E-12	
469,247176	5,444286E-12	
471,996773	5,657143E-12	
474,746369	5,675714E-12	
477,495966	5,747143E-12	
480,245562	5,851429E-12	
482,995159	5,972857E-12	
485,744755	6,068571E-12	
488,494352	6,174286E-12	
491,243948	6,195714E-12	
493,993545	6,328571E-12	
496,743142	6,218571E-12	
499,492738	6,225714E-12	
502,242335	6,298571E-12	
504,991931	6,390000E-12	
507,741528	6,477143E-12	
510,491124	6,560000E-12	
513,240721	6,641429E-12	
515,990318	6,764286E-12	
518,739914	7,044286E-12	
521,489511	7,051429E-12	
524,239107	7,152857E-12	
526,988704	7,260000E-12	
529,738300	7,407143E-12	
532,487897	7,554286E-12	
535,237493	7,770000E-12	
537,987090	7,932857E-12	
540,736687	7,998571E-12	
543,486283	8,097143E-12	
546,235880	8,214286E-12	
548,985476	8,447143E-12	
551,735073	8,501429E-12	
554,484669	8,670000E-12	
557,234266	9,910000E-12	
559,983863	9,347143E-12	
562,733459	9,131429E-12	
565,483056	9,245714E-12	
568,232652	9,394286E-12	
570,982249	9,518571E-12	
573,731845	9,670000E-12	
576,481442	1,030000E-11	
579,231039	1,005429E-11	
581,980635	1,018571E-11	
584,730232	1,029429E-11	
587,479828	1,041000E-11	
590,229425	1,056429E-11	
592,979021	1,074143E-11	
595,728618	1,093429E-11	
598,478214	1,115000E-11	
601,227811	1,138143E-11	
603,977408	1,161714E-11	
606,727004	1,185714E-11	
609,476601	1,206857E-11	
612,226197	1,228571E-11	
614,975794	1,249429E-11	
617,725390	1,268286E-11	
620,474987	1,289143E-11	
623,224584	1,308143E-11	
625,974180	1,326714E-11	
628,723777	1,345857E-11	
631,473373	1,363571E-11	
634,222970	1,380571E-11	
636,972566	1,395000E-11	
639,722163	1,409714E-11	
642,471759	1,419857E-11	
645,221356	1,427714E-11	
647,970953	1,433571E-11	
650,720549	1,454143E-11	
653,470146	1,440143E-11	
656,219742	1,437286E-11	
658,969339	1,431429E-11	
661,718935	1,413714E-11	
664,468532	1,393000E-11	
667,218129	1,374000E-11	
669,967725	1,351429E-11	
672,717322	1,319143E-11	
675,466918	1,285000E-11	
678,216515	1,249429E-11	
680,966111	1,215429E-11	
683,715708	1,186714E-11	
686,465305	1,142857E-11	
689,214901	1,071571E-11	
691,964498	1,021857E-11	
694,714094	1,016286E-11	
697,463691	9,264286E-12	
700,213287	8,695714E-12	
702,962884	8,205714E-12	
705,712480	7,587143E-12	
708,462077	7,380000E-12	
711,211674	6,664286E-12	
713,961270	6,407143E-12	
716,710867	5,717143E-12	
719,460463	5,491429E-12	
722,210060	5,125714E-12	
724,959656	4,814286E-12	
727,709253	4,527143E-12	
730,458850	4,340000E-12	
733,208446	4,235714E-12	
735,958043	4,210000E-12	
738,707639	4,281429E-12	
741,457236	4,432857E-12	
744,206832	4,658571E-12	
746,956429	5,474286E-12	
749,706025	5,441429E-12	
752,455622	5,767143E-12	
755,205219	6,388571E-12	
757,954815	7,020000E-12	
760,704412	7,607143E-12	
763,454008	8,272857E-12	
766,203605	8,958571E-12	
768,953201	9,630000E-12	
771,702798	1,030286E-11	
774,452395	1,109714E-11	
777,201991	1,182000E-11	
779,951588	1,240143E-11	
782,701184	1,306000E-11	
785,450781	1,331000E-11	
788,200377	1,403714E-11	
790,949974	1,431571E-11	
793,699570	1,457000E-11	
796,449167	1,479000E-11	
799,198764	1,495429E-11	
801,948360	1,504857E-11	
804,697957	1,509286E-11	
807,447553	1,511714E-11	
810,197150	1,498000E-11	
812,946746	1,484143E-11	
815,696343	1,466286E-11	
818,445940	1,448000E-11	
821,195536	1,426857E-11	
823,945133	1,402143E-11	
826,694729	1,377429E-11	
829,444326	1,349571E-11	
832,193922	1,313429E-11	
834,943519	1,289286E-11	
837,693116	1,262286E-11	
840,442712	1,256000E-11	
843,192309	1,192429E-11	
845,941905	1,172000E-11	
848,691502	1,144714E-11	
851,441098	1,115143E-11	
854,190695	1,087286E-11	
856,940291	1,059143E-11	
859,689888	1,033857E-11	
862,439485	1,007571E-11	
865,189081	9,811429E-12	
867,938678	9,550000E-12	
870,688274	9,191429E-12	
873,437871	9,052857E-12	
876,187467	8,791429E-12	
878,937064	8,567143E-12	
881,686661	8,447143E-12	
884,436257	8,101429E-12	
887,185854	7,958571E-12	
889,935450	7,760000E-12	
892,685047	7,582857E-12	
895,434643	7,421429E-12	
898,184240	7,245714E-12	
900,933836	7,075714E-12	
903,683433	6,920000E-12	
906,433030	6,752857E-12	
909,182626	6,662857E-12	
911,932223	6,464286E-12	
914,681819	6,524286E-12	
917,431416	6,227143E-12	
920,181012	6,072857E-12	
922,930609	5,972857E-12	
925,680206	5,850000E-12	
928,429802	5,728571E-12	
931,179399	5,628571E-12	
933,928995	5,511429E-12	
936,678592	5,421429E-12	
939,428188	5,292857E-12	
942,177785	5,180000E-12	
944,927382	5,072857E-12	
947,676978	4,981429E-12	
950,426575	4,850000E-12	
953,176171	4,797143E-12	
955,925768	4,827143E-12	
958,675364	4,647143E-12	
961,424961	4,542857E-12	
964,174557	4,457143E-12	
966,924154	4,387143E-12	
969,673751	4,300000E-12	
972,423347	4,867143E-12	
975,172944	4,212857E-12	
977,922540	4,081429E-12	
980,672137	4,105714E-12	
983,421733	4,025714E-12	
986,171330	3,890000E-12	
988,920927	3,800000E-12	
991,670523	3,748571E-12	
994,420120	3,682857E-12	
997,169716	3,607143E-12	
999,919313	3,548571E-12	
