# 
#  
# Position in Scale Ticks	Current in A
450,000000	4,317143E-12	
452,749597	4,342857E-12	
455,499193	4,412857E-12	
458,248790	4,501429E-12	
460,998386	4,557143E-12	
463,747983	4,641429E-12	
466,497579	4,754286E-12	
469,247176	4,852857E-12	
471,996773	4,904286E-12	
474,746369	5,080000E-12	
477,495966	5,102857E-12	
480,245562	5,155714E-12	
482,995159	5,164286E-12	
485,744755	5,178571E-12	
488,494352	5,207143E-12	
491,243948	5,244286E-12	
493,993545	5,300000E-12	
496,743142	5,400000E-12	
499,492738	5,474286E-12	
502,242335	5,550000E-12	
504,991931	5,642857E-12	
507,741528	5,777143E-12	
510,491124	5,865714E-12	
513,240721	5,985714E-12	
515,990318	6,107143E-12	
518,739914	6,211429E-12	
521,489511	6,305714E-12	
524,239107	6,428571E-12	
526,988704	6,558571E-12	
529,738300	6,680000E-12	
532,487897	6,827143E-12	
535,237493	7,447143E-12	
537,987090	7,174286E-12	
540,736687	7,235714E-12	
543,486283	7,337143E-12	
546,235880	7,461429E-12	
548,985476	7,620000E-12	
551,735073	7,785714E-12	
554,484669	7,927143E-12	
557,234266	8,087143E-12	
559,983863	8,235714E-12	
562,733459	8,390000E-12	
565,483056	8,530000E-12	
568,232652	8,660000E-12	
570,982249	8,772857E-12	
573,731845	8,935714E-12	
576,481442	9,118571E-12	
579,231039	9,337143E-12	
581,980635	9,484286E-12	
584,730232	9,600000E-12	
587,479828	9,737143E-12	
590,229425	9,927143E-12	
592,979021	1,013571E-11	
595,728618	1,037000E-11	
598,478214	1,062714E-11	
601,227811	1,088857E-11	
603,977408	1,114143E-11	
606,727004	1,141857E-11	
609,476601	1,167714E-11	
612,226197	1,197000E-11	
614,975794	1,222286E-11	
617,725390	1,248429E-11	
620,474987	1,274857E-11	
623,224584	1,301857E-11	
625,974180	1,331571E-11	
628,723777	1,393429E-11	
631,473373	1,389000E-11	
634,222970	1,412714E-11	
636,972566	1,439857E-11	
639,722163	1,463714E-11	
642,471759	1,487714E-11	
645,221356	1,510143E-11	
647,970953	1,529286E-11	
650,720549	1,548429E-11	
653,470146	1,577429E-11	
656,219742	1,579429E-11	
658,969339	1,602429E-11	
661,718935	1,593286E-11	
664,468532	1,589714E-11	
667,218129	1,584571E-11	
669,967725	1,571429E-11	
672,717322	1,551857E-11	
675,466918	1,526143E-11	
678,216515	1,498286E-11	
680,966111	1,467857E-11	
683,715708	1,436000E-11	
686,465305	1,400429E-11	
689,214901	1,356857E-11	
691,964498	1,284000E-11	
694,714094	1,226571E-11	
697,463691	1,172714E-11	
700,213287	1,111000E-11	
702,962884	1,051000E-11	
705,712480	9,901429E-12	
708,462077	9,282857E-12	
711,211674	8,668571E-12	
713,961270	8,080000E-12	
716,710867	7,450000E-12	
719,460463	7,235714E-12	
722,210060	6,470000E-12	
724,959656	6,244286E-12	
727,709253	5,861429E-12	
730,458850	5,542857E-12	
733,208446	5,344286E-12	
735,958043	5,241429E-12	
738,707639	5,307143E-12	
741,457236	5,487143E-12	
744,206832	5,774286E-12	
746,956429	6,161429E-12	
749,706025	6,628571E-12	
752,455622	7,450000E-12	
755,205219	8,121429E-12	
757,954815	8,830000E-12	
760,704412	9,530000E-12	
763,454008	1,032571E-11	
766,203605	1,112000E-11	
768,953201	1,196571E-11	
771,702798	1,279000E-11	
774,452395	1,360714E-11	
777,201991	1,425000E-11	
779,951588	1,497714E-11	
782,701184	1,524000E-11	
785,450781	1,597429E-11	
788,200377	1,636429E-11	
790,949974	1,643571E-11	
793,699570	1,656857E-11	
796,449167	1,664286E-11	
799,198764	1,660571E-11	
801,948360	1,650429E-11	
804,697957	1,633429E-11	
807,447553	1,610286E-11	
810,197150	1,583714E-11	
812,946746	1,554000E-11	
815,696343	1,522143E-11	
818,445940	1,488286E-11	
821,195536	1,537571E-11	
823,945133	1,412714E-11	
826,694729	1,387143E-11	
829,444326	1,347286E-11	
832,193922	1,310286E-11	
834,943519	1,274571E-11	
837,693116	1,234571E-11	
840,442712	1,199429E-11	
843,192309	1,167286E-11	
845,941905	1,131571E-11	
848,691502	1,098857E-11	
851,441098	1,065857E-11	
854,190695	1,035571E-11	
856,940291	1,005286E-11	
859,689888	9,744286E-12	
862,439485	9,457143E-12	
865,189081	9,702857E-12	
867,938678	8,805714E-12	
870,688274	8,645714E-12	
873,437871	8,390000E-12	
876,187467	8,231429E-12	
878,937064	8,040000E-12	
881,686661	7,695714E-12	
884,436257	7,478571E-12	
887,185854	7,272857E-12	
889,935450	7,115714E-12	
892,685047	8,350000E-12	
895,434643	6,735714E-12	
898,184240	6,612857E-12	
900,933836	6,411429E-12	
903,683433	6,251429E-12	
906,433030	6,112857E-12	
909,182626	5,975714E-12	
911,932223	5,852857E-12	
914,681819	5,741429E-12	
917,431416	5,718571E-12	
920,181012	5,462857E-12	
922,930609	5,382857E-12	
925,680206	5,275714E-12	
928,429802	5,181429E-12	
931,179399	5,065714E-12	
933,928995	4,965714E-12	
936,678592	4,870000E-12	
939,428188	4,778571E-12	
942,177785	4,702857E-12	
944,927382	4,615714E-12	
947,676978	4,541429E-12	
950,426575	4,455714E-12	
953,176171	4,371429E-12	
955,925768	4,932857E-12	
958,675364	4,211429E-12	
961,424961	4,127143E-12	
964,174557	4,074286E-12	
966,924154	3,977143E-12	
969,673751	3,900000E-12	
972,423347	3,825714E-12	
975,172944	3,752857E-12	
977,922540	3,682857E-12	
980,672137	3,617143E-12	
983,421733	3,557143E-12	
986,171330	3,497143E-12	
988,920927	3,444286E-12	
991,670523	3,371429E-12	
994,420120	3,435714E-12	
997,169716	3,260000E-12	
999,919313	3,211429E-12	
